0 20.868439031815235
1 20.868439031815235
2 20.86689721257394
3 20.785356783168677
4 20.785356783168677
5 20.785356783168677
6 20.773880873166913
7 20.773880873166913
8 20.768096498802617
9 20.768096498802617
10 20.76772031871673
11 20.76772031871673
12 20.76507361615124
13 20.76507361615124
14 20.76507361615124
15 20.762372447569664
16 20.72890835081633
17 20.72890835081633
18 20.695678280678806
19 20.623896046932096
20 20.623896046932096
21 20.623896046932096
22 20.623896046932096
23 20.623896046932096
24 20.623896046932096
25 20.623896046932096
26 20.623896046932096
27 20.623896046932096
28 20.623896046932096
29 20.623896046932096
30 20.623896046932096
31 20.623896046932096
32 20.623896046932096
33 20.608212986156026
34 20.608212986156026
35 20.608212986156026
36 20.593383719648898
37 20.593383719648898
38 20.58427031956667
39 20.58427031956667
40 20.581947279698404
41 20.581947279698404
42 20.521758664749107
43 20.521758664749107
44 20.521758664749107
45 20.521758664749107
46 20.521758664749107
47 20.521758664749107
48 20.521758664749107
49 20.521758664749107
50 20.491970235349868
51 20.491970235349868
52 20.491970235349868
53 20.491970235349868
54 20.491970235349868
55 20.491970235349868
56 20.491970235349868
57 20.491970235349868
58 20.46109953692233
59 20.45640502064602
60 20.413578120793783
61 20.413578120793783
62 20.413578120793783
63 20.31812182270511
64 20.31812182270511
65 20.31812182270511
66 20.31812182270511
67 20.31812182270511
68 20.31812182270511
69 20.31812182270511
70 20.31812182270511
71 20.31812182270511
72 20.31812182270511
73 20.31812182270511
74 20.31812182270511
75 20.289921271568602
76 20.289921271568602
77 20.289921271568602
78 20.289921271568602
79 20.289921271568602
80 20.289921271568602
81 20.289921271568602
82 20.289921271568602
83 20.289921271568602
84 20.28719916770579
85 20.28719916770579
86 20.281920354948877
87 20.281920354948877
88 20.281920354948877
89 20.281920354948877
90 20.281920354948877
91 20.281402012173302
92 20.281402012173302
93 20.281402012173302
94 20.281402012173302
95 20.281402012173302
96 20.281402012173302
97 20.27271281915607
98 20.27271281915607
99 20.27271281915607
100 20.27271281915607
101 20.27271281915607
102 20.27271281915607
103 20.27271281915607
104 20.27271281915607
105 20.252670345509056
106 20.252670345509056
107 20.20170982610923
108 20.20170982610923
109 20.20170982610923
110 20.20170982610923
111 20.20170982610923
112 20.20170982610923
113 20.20170982610923
114 20.183159236099396
115 20.183159236099396
116 20.183159236099396
117 20.162538384972848
118 20.162538384972848
119 20.162538384972848
120 20.162538384972848
121 20.162538384972848
122 20.162538384972848
123 20.12986427928987
124 20.06887001039413
125 20.0530284349801
126 20.0530284349801
127 20.0530284349801
128 20.0530284349801
129 20.0530284349801
130 20.0530284349801
131 20.012404521503708
132 20.012404521503708
133 19.92086380085582
134 19.92086380085582
135 19.92086380085582
136 19.92086380085582
137 19.92086380085582
138 19.92086380085582
139 19.92086380085582
140 19.92086380085582
141 19.92086380085582
142 19.92086380085582
143 19.92086380085582
144 19.92086380085582
145 19.92086380085582
146 19.92086380085582
147 19.87392657044542
148 19.849963281994935
149 19.849963281994935
150 19.849963281994935
151 19.849963281994935
152 19.83735710812201
153 19.833071896081634
154 19.833071896081634
155 19.817967559652807
156 19.806682931912952
157 19.806682931912952
158 19.68222585530094
159 19.59652443153744
160 19.59652443153744
161 19.59652443153744
162 19.59652443153744
163 19.59652443153744
164 19.59652443153744
165 19.59652443153744
166 19.59652443153744
167 19.59652443153744
168 19.59652443153744
169 19.59652443153744
170 19.59652443153744
171 19.59652443153744
172 19.59652443153744
173 19.596433805872156
174 19.577951720954644
175 19.577951720954644
176 19.577951720954644
177 19.577951720954644
178 19.577951720954644
179 19.577951720954644
180 19.50567132949701
181 19.50567132949701
182 19.50567132949701
183 19.50567132949701
184 19.50567132949701
185 19.50567132949701
186 19.50567132949701
187 19.50567132949701
188 19.50567132949701
189 19.50567132949701
190 19.50567132949701
191 19.50567132949701
192 19.496495714776888
193 19.496495714776888
194 19.496495714776888
195 19.496495714776888
196 19.484882227035538
197 19.484882227035538
198 19.484882227035538
199 19.484882227035538
200 19.484882227035538
201 19.484882227035538
202 19.484882227035538
203 19.484882227035538
204 19.484882227035538
205 19.484882227035538
206 19.484882227035538
207 19.464314417469218
208 19.464314417469218
209 19.464314417469218
210 19.464314417469218
211 19.464314417469218
212 19.464314417469218
213 19.464314417469218
214 19.464314417469218
215 19.464314417469218
216 19.464314417469218
217 19.464314417469218
218 19.464314417469218
219 19.390600218531347
220 19.330038607634968
221 19.330038607634968
222 19.330038607634968
223 19.330038607634968
224 19.32037305388427
225 19.238373396281432
226 19.238373396281432
227 19.238373396281432
228 19.238373396281432
229 19.238373396281432
230 19.238373396281432
231 19.238373396281432
232 19.238373396281432
233 19.238373396281432
234 19.238373396281432
235 19.238373396281432
236 19.238373396281432
237 19.238373396281432
238 19.238373396281432
239 19.238373396281432
240 19.238373396281432
241 19.238373396281432
242 19.238373396281432
243 19.238373396281432
244 19.215500797762818
245 19.215500797762818
246 19.215500797762818
247 19.2103426898924
248 19.2103426898924
249 19.182820724513267
250 19.182820724513267
251 19.182820724513267
252 19.182820724513267
253 19.182820724513267
254 19.182820724513267
255 19.182820724513267
256 19.181521952591613
257 19.181521952591613
258 19.181521952591613
259 19.181521952591613
260 19.132565396189737
261 19.01475872170679
262 19.01475872170679
263 19.01475872170679
264 19.01475872170679
265 19.01475872170679
266 19.003303786897398
267 19.003303786897398
268 19.003303786897398
269 19.003303786897398
270 18.958040407537986
271 18.91298362100339
272 18.91298362100339
273 18.91298362100339
274 18.91298362100339
275 18.91298362100339
276 18.91298362100339
277 18.91298362100339
278 18.91298362100339
279 18.91298362100339
280 18.91298362100339
281 18.91298362100339
282 18.91298362100339
283 18.91298362100339
284 18.903539352760625
285 18.84911999098412
286 18.754107254182227
287 18.695675933653668
288 18.637488300484744
289 18.637488300484744
290 18.637488300484744
291 18.637488300484744
292 18.637488300484744
293 18.637488300484744
294 18.58759844264297
295 18.58759844264297
296 18.58759844264297
297 18.58759844264297
298 18.58759844264297
299 18.58759844264297
300 18.58759844264297
301 18.58759844264297
302 18.40670416064255
303 18.40670416064255
304 18.40670416064255
305 18.27130612705349
306 18.27130612705349
307 18.27130612705349
308 18.27130612705349
309 18.27130612705349
310 18.27130612705349
311 18.27130612705349
312 18.27130612705349
313 18.27130612705349
314 18.27130612705349
315 18.27130612705349
316 18.21337689199636
317 18.21337689199636
318 18.21337689199636
319 18.21337689199636
320 18.21337689199636
321 18.21337689199636
322 18.21337689199636
323 18.21337689199636
324 18.21337689199636
325 18.182735171373302
326 18.182735171373302
327 18.17524834576242
328 18.17524834576242
329 18.17524834576242
330 18.17524834576242
331 18.17524834576242
332 18.17524834576242
333 18.17524834576242
334 18.17524834576242
335 18.17524834576242
336 18.17524834576242
337 18.17524834576242
338 18.17524834576242
339 18.17524834576242
340 18.17524834576242
341 18.17524834576242
342 18.17524834576242
343 18.17524834576242
344 18.17524834576242
345 18.17524834576242
346 18.17524834576242
347 18.17524834576242
348 18.17524834576242
349 18.17524834576242
350 18.160528923368656
351 18.160528923368656
352 18.160528923368656
353 18.160528923368656
354 18.160528923368656
355 18.160528923368656
356 18.160528923368656
357 18.160528923368656
358 18.160528923368656
359 18.118193696297112
360 18.118193696297112
361 18.118193696297112
362 18.118193696297112
363 18.118193696297112
364 18.118193696297112
365 18.118193696297112
366 18.118193696297112
367 18.118193696297112
368 18.118193696297112
369 18.118193696297112
370 18.118193696297112
371 18.118193696297112
372 18.118193696297112
373 18.118193696297112
374 18.09624891000478
375 18.09624891000478
376 18.09624891000478
377 18.051174397067555
378 18.051174397067555
379 17.92295818917375
380 17.92295818917375
381 17.79207488919828
382 17.79207488919828
383 17.79207488919828
384 17.79207488919828
385 17.79207488919828
386 17.79207488919828
387 17.79207488919828
388 17.79207488919828
389 17.79207488919828
390 17.79207488919828
391 17.79207488919828
392 17.79207488919828
393 17.79207488919828
394 17.79207488919828
395 17.68514808489769
396 17.68514808489769
397 17.68514808489769
398 17.68514808489769
399 17.68514808489769
143.37020802497864
