0 20.919379100140162
1 20.884965977294424
2 20.882254518519638
3 20.882254518519638
4 20.882254518519638
5 20.882254518519638
6 20.882254518519638
7 20.87613553996406
8 20.8523389581453
9 20.8523389581453
10 20.8523389581453
11 20.8523389581453
12 20.806201399201154
13 20.806201399201154
14 20.806201399201154
15 20.806201399201154
16 20.806201399201154
17 20.806201399201154
18 20.806201399201154
19 20.806201399201154
20 20.79349986864489
21 20.79349986864489
22 20.79349986864489
23 20.79349986864489
24 20.79349986864489
25 20.782875439066856
26 20.782875439066856
27 20.782875439066856
28 20.782875439066856
29 20.782875439066856
30 20.78117857513451
31 20.78117857513451
32 20.766746141986552
33 20.766746141986552
34 20.744799558387175
35 20.744799558387175
36 20.744799558387175
37 20.744799558387175
38 20.729830704687593
39 20.729830704687593
40 20.729830704687593
41 20.729830704687593
42 20.729830704687593
43 20.729830704687593
44 20.729830704687593
45 20.715485756421565
46 20.715485756421565
47 20.712791790492123
48 20.712791790492123
49 20.712791790492123
50 20.712791790492123
51 20.712791790492123
52 20.712791790492123
53 20.712791790492123
54 20.712791790492123
55 20.710750718151676
56 20.703775732905438
57 20.67984443644898
58 20.67984443644898
59 20.67984443644898
60 20.67984443644898
61 20.67984443644898
62 20.67984443644898
63 20.67984443644898
64 20.67984443644898
65 20.67984443644898
66 20.672218580585273
67 20.672218580585273
68 20.672218580585273
69 20.672218580585273
70 20.63951645412082
71 20.63951645412082
72 20.63951645412082
73 20.63951645412082
74 20.63951645412082
75 20.63951645412082
76 20.63951645412082
77 20.63951645412082
78 20.596741854537264
79 20.596741854537264
80 20.596741854537264
81 20.596741854537264
82 20.581679664717253
83 20.581679664717253
84 20.581679664717253
85 20.581679664717253
86 20.581679664717253
87 20.581679664717253
88 20.581679664717253
89 20.581679664717253
90 20.581679664717253
91 20.513585884935665
92 20.513585884935665
93 20.513585884935665
94 20.513585884935665
95 20.513585884935665
96 20.513585884935665
97 20.513585884935665
98 20.513585884935665
99 20.513585884935665
100 20.470764079991113
101 20.470764079991113
102 20.441815446609525
103 20.441815446609525
104 20.441815446609525
105 20.441815446609525
106 20.441815446609525
107 20.441815446609525
108 20.441815446609525
109 20.441815446609525
110 20.441815446609525
111 20.441815446609525
112 20.441815446609525
113 20.441815446609525
114 20.441815446609525
115 20.441815446609525
116 20.436663482559027
117 20.436663482559027
118 20.372257244824482
119 20.372257244824482
120 20.372257244824482
121 20.372257244824482
122 20.372257244824482
123 20.372257244824482
124 20.372257244824482
125 20.372257244824482
126 20.372257244824482
127 20.372257244824482
128 20.372257244824482
129 20.372257244824482
130 20.372257244824482
131 20.372257244824482
132 20.372257244824482
133 20.360757064115276
134 20.360757064115276
135 20.360757064115276
136 20.360757064115276
137 20.360757064115276
138 20.360757064115276
139 20.360757064115276
140 20.360757064115276
141 20.360757064115276
142 20.360757064115276
143 20.360757064115276
144 20.360757064115276
145 20.360757064115276
146 20.360757064115276
147 20.30585425621127
148 20.30585425621127
149 20.30585425621127
150 20.30585425621127
151 20.28708011677614
152 20.28708011677614
153 20.28708011677614
154 20.28708011677614
155 20.28708011677614
156 20.28708011677614
157 20.28708011677614
158 20.28708011677614
159 20.28708011677614
160 20.28708011677614
161 20.28708011677614
162 20.28708011677614
163 20.28708011677614
164 20.283964630158117
165 20.283964630158117
166 20.244788890549454
167 20.132100399111884
168 20.132100399111884
169 20.055551832133002
170 20.048251845292278
171 20.048251845292278
172 20.048251845292278
173 20.048251845292278
174 20.048251845292278
175 20.048251845292278
176 20.048251845292278
177 20.048251845292278
178 20.048251845292278
179 20.048251845292278
180 19.98387280822603
181 19.98387280822603
182 19.98387280822603
183 19.98387280822603
184 19.98387280822603
185 19.98387280822603
186 19.98387280822603
187 19.98387280822603
188 19.98387280822603
189 19.98387280822603
190 19.98387280822603
191 19.98387280822603
192 19.98387280822603
193 19.98387280822603
194 19.924879810211248
195 19.85283315679323
196 19.85283315679323
197 19.81441712050209
198 19.81441712050209
199 19.81441712050209
200 19.81441712050209
201 19.633578778297558
202 19.633578778297558
203 19.633578778297558
204 19.633578778297558
205 19.633578778297558
206 19.633578778297558
207 19.633578778297558
208 19.633578778297558
209 19.633578778297558
210 19.633578778297558
211 19.633578778297558
212 19.62577273681991
213 19.62577273681991
214 19.62577273681991
215 19.62577273681991
216 19.62577273681991
217 19.62577273681991
218 19.62577273681991
219 19.62577273681991
220 19.62577273681991
221 19.62577273681991
222 19.62577273681991
223 19.62577273681991
224 19.62577273681991
225 19.62577273681991
226 19.62577273681991
227 19.62577273681991
228 19.51732011758658
229 19.51732011758658
230 19.51732011758658
231 19.51732011758658
232 19.51732011758658
233 19.51732011758658
234 19.51732011758658
235 19.51732011758658
236 19.51732011758658
237 19.51732011758658
238 19.51732011758658
239 19.51732011758658
240 19.51732011758658
241 19.51732011758658
242 19.51732011758658
243 19.51732011758658
244 19.51732011758658
245 19.51732011758658
246 19.51732011758658
247 19.51732011758658
248 19.51732011758658
249 19.4624283305464
250 19.4624283305464
251 19.4624283305464
252 19.4624283305464
253 19.4624283305464
254 19.4624283305464
255 19.4624283305464
256 19.4624283305464
257 19.4624283305464
258 19.4624283305464
259 19.4624283305464
260 19.440073130206905
261 19.440073130206905
262 19.440073130206905
263 19.440073130206905
264 19.440073130206905
265 19.440073130206905
266 19.440073130206905
267 19.440073130206905
268 19.440073130206905
269 19.440073130206905
270 19.440073130206905
271 19.440073130206905
272 19.38932651081204
273 19.38932651081204
274 19.38932651081204
275 19.38932651081204
276 19.38932651081204
277 19.38932651081204
278 19.38932651081204
279 19.38932651081204
280 19.38932651081204
281 19.38932651081204
282 19.38932651081204
283 19.38932651081204
284 19.38932651081204
285 19.38932651081204
286 19.38932651081204
287 19.38932651081204
288 19.38932651081204
289 19.38932651081204
290 19.38932651081204
291 19.38932651081204
292 19.355855834073356
293 19.355855834073356
294 19.355334977922887
295 19.355334977922887
296 19.355334977922887
297 19.355334977922887
298 19.355334977922887
299 19.355334977922887
300 19.355334977922887
301 19.355334977922887
302 19.355334977922887
303 19.355334977922887
304 19.355334977922887
305 19.355334977922887
306 19.355334977922887
307 19.355334977922887
308 19.355334977922887
309 19.355334977922887
310 19.355334977922887
311 19.355334977922887
312 19.355334977922887
313 19.355334977922887
314 19.127639417745947
315 19.127639417745947
316 19.127639417745947
317 19.127639417745947
318 19.127639417745947
319 19.122835319037947
320 19.103411156655888
321 19.103411156655888
322 19.103411156655888
323 19.103411156655888
324 19.103411156655888
325 19.103411156655888
326 19.103411156655888
327 19.103411156655888
328 19.103411156655888
329 19.103411156655888
330 19.103411156655888
331 19.103411156655888
332 19.103411156655888
333 19.103411156655888
334 19.047508233588868
335 19.047508233588868
336 19.047508233588868
337 19.03890839828789
338 19.03890839828789
339 19.03890839828789
340 19.03890839828789
341 19.02500063836038
342 19.02500063836038
343 19.02500063836038
344 19.02500063836038
345 19.02500063836038
346 19.02500063836038
347 19.02500063836038
348 19.02500063836038
349 18.99239240932109
350 18.99239240932109
351 18.99239240932109
352 18.99239240932109
353 18.99239240932109
354 18.99239240932109
355 18.99239240932109
356 18.99239240932109
357 18.99239240932109
358 18.98790607656368
359 18.98790607656368
360 18.98790607656368
361 18.98790607656368
362 18.98790607656368
363 18.98790607656368
364 18.98790607656368
365 18.98790607656368
366 18.98790607656368
367 18.98790607656368
368 18.98790607656368
369 18.98790607656368
370 18.98790607656368
371 18.98790607656368
372 18.98790607656368
373 18.98790607656368
374 18.98790607656368
375 18.98790607656368
376 18.98790607656368
377 18.98790607656368
378 18.98790607656368
379 18.98790607656368
380 18.98790607656368
381 18.98790607656368
382 18.98790607656368
383 18.98790607656368
384 18.98790607656368
385 18.98790607656368
386 18.98790607656368
387 18.98790607656368
388 18.98790607656368
389 18.98790607656368
390 18.98790607656368
391 18.98790607656368
392 18.98790607656368
393 18.98790607656368
394 18.98790607656368
395 18.98790607656368
396 18.98790607656368
397 18.98790607656368
398 18.98790607656368
399 18.98790607656368
