0 21.001773224277077
1 20.976904724722143
2 20.976904724722143
3 20.976904724722143
4 20.976904724722143
5 20.976904724722143
6 20.976904724722143
7 20.976904724722143
8 20.976904724722143
9 20.976904724722143
10 20.976904724722143
11 20.976904724722143
12 20.976904724722143
13 20.976904724722143
14 20.976904724722143
15 20.976904724722143
16 20.976904724722143
17 20.976904724722143
18 20.976904724722143
19 20.976904724722143
20 20.976904724722143
21 20.976904724722143
22 20.969685138975763
23 20.969040633377666
24 20.969040633377666
25 20.900539294080172
26 20.900539294080172
27 20.900539294080172
28 20.900539294080172
29 20.900539294080172
30 20.900539294080172
31 20.900539294080172
32 20.900539294080172
33 20.900539294080172
34 20.900539294080172
35 20.900539294080172
36 20.900539294080172
37 20.900539294080172
38 20.900539294080172
39 20.900539294080172
40 20.900539294080172
41 20.900539294080172
42 20.900539294080172
43 20.900539294080172
44 20.900539294080172
45 20.900539294080172
46 20.900539294080172
47 20.900539294080172
48 20.900539294080172
49 20.900539294080172
50 20.900539294080172
51 20.900539294080172
52 20.900539294080172
53 20.900539294080172
54 20.900539294080172
55 20.900539294080172
56 20.900539294080172
57 20.900539294080172
58 20.900539294080172
59 20.900539294080172
60 20.900539294080172
61 20.900539294080172
62 20.900539294080172
63 20.900539294080172
64 20.900539294080172
65 20.900539294080172
66 20.900539294080172
67 20.900539294080172
68 20.900539294080172
69 20.900539294080172
70 20.900539294080172
71 20.900539294080172
72 20.900539294080172
73 20.900539294080172
74 20.900539294080172
75 20.900539294080172
76 20.900539294080172
77 20.900539294080172
78 20.900539294080172
79 20.900539294080172
80 20.900539294080172
81 20.900539294080172
82 20.900539294080172
83 20.900539294080172
84 20.900539294080172
85 20.900539294080172
86 20.900539294080172
87 20.900539294080172
88 20.900539294080172
89 20.900539294080172
90 20.900539294080172
91 20.900539294080172
92 20.900539294080172
93 20.900539294080172
94 20.900539294080172
95 20.900539294080172
96 20.900539294080172
97 20.900539294080172
98 20.900539294080172
99 20.900539294080172
100 20.900539294080172
101 20.900539294080172
102 20.900539294080172
103 20.900539294080172
104 20.900539294080172
105 20.900539294080172
106 20.900539294080172
107 20.900539294080172
108 20.900539294080172
109 20.900539294080172
110 20.900539294080172
111 20.900539294080172
112 20.900539294080172
113 20.900539294080172
114 20.900539294080172
115 20.900539294080172
116 20.900539294080172
117 20.900539294080172
118 20.900539294080172
119 20.900539294080172
120 20.900539294080172
121 20.900539294080172
122 20.900539294080172
123 20.900539294080172
124 20.900539294080172
125 20.900539294080172
126 20.900539294080172
127 20.900539294080172
128 20.891551971844038
129 20.891551971844038
130 20.891551971844038
131 20.891551971844038
132 20.891551971844038
133 20.891551971844038
134 20.891551971844038
135 20.891551971844038
136 20.891551971844038
137 20.891551971844038
138 20.891551971844038
139 20.891551971844038
140 20.891551971844038
141 20.891551971844038
142 20.891551971844038
143 20.891551971844038
144 20.891551971844038
145 20.891551971844038
146 20.891551971844038
147 20.891551971844038
148 20.891551971844038
149 20.891551971844038
150 20.891551971844038
151 20.891551971844038
152 20.891551971844038
153 20.891551971844038
154 20.891551971844038
155 20.891551971844038
156 20.891551971844038
157 20.891551971844038
158 20.891551971844038
159 20.891551971844038
160 20.891551971844038
161 20.891551971844038
162 20.891551971844038
163 20.891551971844038
164 20.891551971844038
165 20.891551971844038
166 20.891551971844038
167 20.891551971844038
168 20.891551971844038
169 20.891551971844038
170 20.891551971844038
171 20.891551971844038
172 20.891551971844038
173 20.891551971844038
174 20.891551971844038
175 20.891551971844038
176 20.891551971844038
177 20.88658816207498
178 20.816004260931525
179 20.816004260931525
180 20.816004260931525
181 20.816004260931525
182 20.816004260931525
183 20.816004260931525
184 20.816004260931525
185 20.816004260931525
186 20.816004260931525
187 20.816004260931525
188 20.816004260931525
189 20.816004260931525
190 20.816004260931525
191 20.816004260931525
192 20.816004260931525
193 20.816004260931525
194 20.816004260931525
195 20.816004260931525
196 20.816004260931525
197 20.816004260931525
198 20.816004260931525
199 20.816004260931525
200 20.816004260931525
201 20.816004260931525
202 20.816004260931525
203 20.816004260931525
204 20.816004260931525
205 20.816004260931525
206 20.816004260931525
207 20.816004260931525
208 20.816004260931525
209 20.816004260931525
210 20.816004260931525
211 20.816004260931525
212 20.816004260931525
213 20.816004260931525
214 20.816004260931525
215 20.816004260931525
216 20.816004260931525
217 20.816004260931525
218 20.816004260931525
219 20.816004260931525
220 20.816004260931525
221 20.816004260931525
222 20.816004260931525
223 20.816004260931525
224 20.816004260931525
225 20.816004260931525
226 20.816004260931525
227 20.816004260931525
228 20.816004260931525
229 20.816004260931525
230 20.816004260931525
231 20.816004260931525
232 20.816004260931525
233 20.816004260931525
234 20.816004260931525
235 20.816004260931525
236 20.816004260931525
237 20.816004260931525
238 20.816004260931525
239 20.816004260931525
240 20.816004260931525
241 20.816004260931525
242 20.816004260931525
243 20.816004260931525
244 20.816004260931525
245 20.816004260931525
246 20.816004260931525
247 20.816004260931525
248 20.816004260931525
249 20.816004260931525
250 20.816004260931525
251 20.816004260931525
252 20.816004260931525
253 20.816004260931525
254 20.816004260931525
255 20.816004260931525
256 20.816004260931525
257 20.816004260931525
258 20.816004260931525
259 20.816004260931525
260 20.816004260931525
261 20.816004260931525
262 20.816004260931525
263 20.816004260931525
264 20.816004260931525
265 20.816004260931525
266 20.816004260931525
267 20.816004260931525
268 20.816004260931525
269 20.816004260931525
270 20.816004260931525
271 20.816004260931525
272 20.816004260931525
273 20.816004260931525
274 20.816004260931525
275 20.816004260931525
276 20.816004260931525
277 20.816004260931525
278 20.816004260931525
279 20.816004260931525
280 20.816004260931525
281 20.816004260931525
282 20.816004260931525
283 20.816004260931525
284 20.816004260931525
285 20.816004260931525
286 20.816004260931525
287 20.698918443572758
288 20.698918443572758
289 20.698918443572758
290 20.698918443572758
291 20.698918443572758
292 20.698918443572758
293 20.698918443572758
294 20.698918443572758
295 20.698918443572758
296 20.698918443572758
297 20.698918443572758
298 20.698918443572758
299 20.698918443572758
300 20.698918443572758
301 20.698918443572758
302 20.698918443572758
303 20.698918443572758
304 20.698918443572758
305 20.698918443572758
306 20.698918443572758
307 20.698918443572758
308 20.698918443572758
309 20.698918443572758
310 20.698918443572758
311 20.698918443572758
312 20.698918443572758
313 20.698918443572758
314 20.698918443572758
315 20.698918443572758
316 20.698918443572758
317 20.698918443572758
318 20.698918443572758
319 20.698918443572758
320 20.698918443572758
321 20.698918443572758
322 20.698918443572758
323 20.698918443572758
324 20.698918443572758
325 20.698918443572758
326 20.698918443572758
327 20.698918443572758
328 20.698918443572758
329 20.698918443572758
330 20.698918443572758
331 20.698918443572758
332 20.698918443572758
333 20.698918443572758
334 20.698918443572758
335 20.698918443572758
336 20.698918443572758
337 20.698918443572758
338 20.698918443572758
339 20.698918443572758
340 20.698918443572758
341 20.698918443572758
342 20.698918443572758
343 20.698918443572758
344 20.698918443572758
345 20.698918443572758
346 20.698918443572758
347 20.698918443572758
348 20.698918443572758
349 20.698918443572758
350 20.698918443572758
351 20.698918443572758
352 20.698918443572758
353 20.698918443572758
354 20.698918443572758
355 20.698918443572758
356 20.698918443572758
357 20.698918443572758
358 20.698918443572758
359 20.698918443572758
360 20.698918443572758
361 20.698918443572758
362 20.698918443572758
363 20.698918443572758
364 20.698918443572758
365 20.698918443572758
366 20.698918443572758
367 20.698918443572758
368 20.698918443572758
369 20.698918443572758
370 20.698918443572758
371 20.698918443572758
372 20.698918443572758
373 20.698918443572758
374 20.698918443572758
375 20.698918443572758
376 20.698918443572758
377 20.698918443572758
378 20.698918443572758
379 20.698918443572758
380 20.698918443572758
381 20.698918443572758
382 20.698918443572758
383 20.698918443572758
384 20.698918443572758
385 20.698918443572758
386 20.698918443572758
387 20.698918443572758
388 20.698918443572758
389 20.698918443572758
390 20.698918443572758
391 20.698918443572758
392 20.698918443572758
393 20.698918443572758
394 20.698918443572758
395 20.698918443572758
396 20.698918443572758
397 20.698918443572758
398 20.698918443572758
399 20.698918443572758
