0 20.962825145130893
1 20.959723532393483
2 20.959723532393483
3 20.959723532393483
4 20.959723532393483
5 20.959723532393483
6 20.940619174827305
7 20.940619174827305
8 20.940619174827305
9 20.9065757593333
10 20.872763202585887
11 20.872763202585887
12 20.872763202585887
13 20.788338184650247
14 20.788338184650247
15 20.788338184650247
16 20.788338184650247
17 20.788338184650247
18 20.788338184650247
19 20.788338184650247
20 20.788338184650247
21 20.753143365335085
22 20.753143365335085
23 20.753143365335085
24 20.753143365335085
25 20.753143365335085
26 20.753143365335085
27 20.742391043592434
28 20.742391043592434
29 20.742391043592434
30 20.742391043592434
31 20.742391043592434
32 20.742391043592434
33 20.742391043592434
34 20.738068350470733
35 20.738068350470733
36 20.738068350470733
37 20.738068350470733
38 20.738068350470733
39 20.738068350470733
40 20.738068350470733
41 20.72120743282913
42 20.72120743282913
43 20.706887474716186
44 20.706887474716186
45 20.706887474716186
46 20.706887474716186
47 20.706887474716186
48 20.701142234176697
49 20.701142234176697
50 20.701142234176697
51 20.701142234176697
52 20.701142234176697
53 20.701142234176697
54 20.701142234176697
55 20.701142234176697
56 20.701142234176697
57 20.701142234176697
58 20.701142234176697
59 20.701142234176697
60 20.701142234176697
61 20.701142234176697
62 20.701142234176697
63 20.701142234176697
64 20.701142234176697
65 20.701142234176697
66 20.701142234176697
67 20.701142234176697
68 20.701142234176697
69 20.701142234176697
70 20.701142234176697
71 20.701142234176697
72 20.692667491308708
73 20.670925173074664
74 20.670925173074664
75 20.670925173074664
76 20.670925173074664
77 20.670925173074664
78 20.6213252501847
79 20.6213252501847
80 20.6213252501847
81 20.6213252501847
82 20.6213252501847
83 20.6213252501847
84 20.6213252501847
85 20.57742711927095
86 20.57742711927095
87 20.57742711927095
88 20.57742711927095
89 20.57742711927095
90 20.57742711927095
91 20.57742711927095
92 20.57742711927095
93 20.57742711927095
94 20.57742711927095
95 20.57742711927095
96 20.57742711927095
97 20.57742711927095
98 20.57742711927095
99 20.57742711927095
100 20.57742711927095
101 20.57742711927095
102 20.57742711927095
103 20.47368676644637
104 20.47368676644637
105 20.47368676644637
106 20.46551079067148
107 20.46551079067148
108 20.46551079067148
109 20.46551079067148
110 20.46551079067148
111 20.46551079067148
112 20.46551079067148
113 20.46551079067148
114 20.46551079067148
115 20.46551079067148
116 20.46551079067148
117 20.46551079067148
118 20.46551079067148
119 20.46551079067148
120 20.46551079067148
121 20.46551079067148
122 20.46551079067148
123 20.46551079067148
124 20.46551079067148
125 20.46551079067148
126 20.46551079067148
127 20.420051774877564
128 20.420051774877564
129 20.420051774877564
130 20.420051774877564
131 20.420051774877564
132 20.420051774877564
133 20.420051774877564
134 20.420051774877564
135 20.420051774877564
136 20.420051774877564
137 20.420051774877564
138 20.420051774877564
139 20.420051774877564
140 20.420051774877564
141 20.420051774877564
142 20.420051774877564
143 20.420051774877564
144 20.420051774877564
145 20.420051774877564
146 20.420051774877564
147 20.420051774877564
148 20.358208555749634
149 20.358208555749634
150 20.358208555749634
151 20.358208555749634
152 20.358208555749634
153 20.358208555749634
154 20.358208555749634
155 20.358208555749634
156 20.358208555749634
157 20.358208555749634
158 20.358208555749634
159 20.358208555749634
160 20.358208555749634
161 20.358208555749634
162 20.358208555749634
163 20.358208555749634
164 20.358208555749634
165 20.358208555749634
166 20.358208555749634
167 20.358208555749634
168 20.358208555749634
169 20.358208555749634
170 20.358208555749634
171 20.358208555749634
172 20.358208555749634
173 20.358208555749634
174 20.358208555749634
175 20.358208555749634
176 20.358208555749634
177 20.358208555749634
178 20.358208555749634
179 20.358208555749634
180 20.358208555749634
181 20.358208555749634
182 20.358208555749634
183 20.358208555749634
184 20.358208555749634
185 20.358208555749634
186 20.301027584040884
187 20.301027584040884
188 20.301027584040884
189 20.301027584040884
190 20.301027584040884
191 20.301027584040884
192 20.301027584040884
193 20.301027584040884
194 20.301027584040884
195 20.301027584040884
196 20.301027584040884
197 20.301027584040884
198 20.301027584040884
199 20.301027584040884
200 20.301027584040884
201 20.301027584040884
202 20.301027584040884
203 20.301027584040884
204 20.26846835501832
205 20.26846835501832
206 20.26846835501832
207 20.26846835501832
208 20.26846835501832
209 20.26846835501832
210 20.26006896678787
211 20.26006896678787
212 20.26006896678787
213 20.26006896678787
214 20.26006896678787
215 20.26006896678787
216 20.26006896678787
217 20.26006896678787
218 20.26006896678787
219 20.26006896678787
220 20.26006896678787
221 20.26006896678787
222 20.26006896678787
223 20.26006896678787
224 20.180037134800983
225 20.180037134800983
226 20.180037134800983
227 20.159817499221116
228 20.159817499221116
229 20.159817499221116
230 20.159817499221116
231 20.159817499221116
232 20.159817499221116
233 20.159817499221116
234 20.159817499221116
235 20.159817499221116
236 20.159817499221116
237 20.159817499221116
238 20.159817499221116
239 20.159817499221116
240 20.159817499221116
241 20.159817499221116
242 20.159817499221116
243 20.106980936387007
244 20.106980936387007
245 20.106980936387007
246 20.106980936387007
247 20.106980936387007
248 20.106980936387007
249 20.106980936387007
250 20.106980936387007
251 20.106980936387007
252 20.106980936387007
253 20.106980936387007
254 20.106980936387007
255 20.106980936387007
256 20.106980936387007
257 20.106980936387007
258 20.106980936387007
259 20.106980936387007
260 20.106980936387007
261 20.106980936387007
262 20.106980936387007
263 20.106980936387007
264 20.106980936387007
265 20.106980936387007
266 20.106980936387007
267 20.08963711624544
268 20.08963711624544
269 20.08963711624544
270 20.08963711624544
271 20.08963711624544
272 20.08963711624544
273 20.08963711624544
274 20.08963711624544
275 20.08963711624544
276 19.993823440536094
277 19.993823440536094
278 19.993823440536094
279 19.993823440536094
280 19.993823440536094
281 19.993823440536094
282 19.993823440536094
283 19.993823440536094
284 19.992492358361105
285 19.992492358361105
286 19.992492358361105
287 19.992492358361105
288 19.992492358361105
289 19.992492358361105
290 19.992492358361105
291 19.980123130623227
292 19.980123130623227
293 19.980123130623227
294 19.980123130623227
295 19.980123130623227
296 19.980123130623227
297 19.980123130623227
298 19.980123130623227
299 19.980123130623227
300 19.980123130623227
301 19.980123130623227
302 19.980123130623227
303 19.980123130623227
304 19.980123130623227
305 19.980123130623227
306 19.980123130623227
307 19.980123130623227
308 19.980123130623227
309 19.980123130623227
310 19.980123130623227
311 19.980123130623227
312 19.980123130623227
313 19.980123130623227
314 19.980123130623227
315 19.980123130623227
316 19.980123130623227
317 19.980123130623227
318 19.980123130623227
319 19.935198530609256
320 19.935198530609256
321 19.935198530609256
322 19.935198530609256
323 19.931366393423477
324 19.931366393423477
325 19.931366393423477
326 19.931366393423477
327 19.931366393423477
328 19.931366393423477
329 19.931366393423477
330 19.931366393423477
331 19.931366393423477
332 19.931366393423477
333 19.931366393423477
334 19.931366393423477
335 19.90254292863789
336 19.90254292863789
337 19.90254292863789
338 19.887479777627536
339 19.847261987819447
340 19.847261987819447
341 19.847261987819447
342 19.847261987819447
343 19.847261987819447
344 19.847261987819447
345 19.847261987819447
346 19.847261987819447
347 19.847261987819447
348 19.847261987819447
349 19.847261987819447
350 19.847261987819447
351 19.847261987819447
352 19.847261987819447
353 19.792572759238585
354 19.792572759238585
355 19.792572759238585
356 19.792572759238585
357 19.792572759238585
358 19.792572759238585
359 19.792572759238585
360 19.792572759238585
361 19.782075365409824
362 19.782075365409824
363 19.665282738699826
364 19.665282738699826
365 19.665282738699826
366 19.665282738699826
367 19.665282738699826
368 19.665282738699826
369 19.65778455282653
370 19.65778455282653
371 19.65778455282653
372 19.65778455282653
373 19.65778455282653
374 19.65778455282653
375 19.65778455282653
376 19.65778455282653
377 19.65778455282653
378 19.65778455282653
379 19.65778455282653
380 19.65778455282653
381 19.65778455282653
382 19.65778455282653
383 19.65778455282653
384 19.65778455282653
385 19.65778455282653
386 19.65778455282653
387 19.65778455282653
388 19.65778455282653
389 19.65778455282653
390 19.65778455282653
391 19.65778455282653
392 19.65778455282653
393 19.65778455282653
394 19.65778455282653
395 19.65778455282653
396 19.65778455282653
397 19.65778455282653
398 19.65778455282653
399 19.65778455282653
