0 21.0328153657316
1 21.0328153657316
2 21.0328153657316
3 21.026148584325032
4 21.026148584325032
5 21.026148584325032
6 20.989728403191314
7 20.989728403191314
8 20.989728403191314
9 20.989728403191314
10 20.989728403191314
11 20.989728403191314
12 20.989728403191314
13 20.9887233062834
14 20.984914708767477
15 20.984914708767477
16 20.984914708767477
17 20.984914708767477
18 20.984914708767477
19 20.984914708767477
20 20.984914708767477
21 20.984914708767477
22 20.97843669207068
23 20.97843669207068
24 20.958832198088622
25 20.902974676456875
26 20.902974676456875
27 20.902974676456875
28 20.902974676456875
29 20.902974676456875
30 20.902974676456875
31 20.902974676456875
32 20.902974676456875
33 20.902974676456875
34 20.902974676456875
35 20.902974676456875
36 20.902974676456875
37 20.902974676456875
38 20.902974676456875
39 20.87181413667921
40 20.87181413667921
41 20.87181413667921
42 20.870829551152127
43 20.870829551152127
44 20.870829551152127
45 20.870829551152127
46 20.870829551152127
47 20.861184369547715
48 20.861184369547715
49 20.861184369547715
50 20.861184369547715
51 20.861184369547715
52 20.861184369547715
53 20.861184369547715
54 20.861184369547715
55 20.861184369547715
56 20.861184369547715
57 20.861184369547715
58 20.861184369547715
59 20.853035591396953
60 20.842865372112538
61 20.842865372112538
62 20.842865372112538
63 20.842865372112538
64 20.842865372112538
65 20.842865372112538
66 20.842865372112538
67 20.842865372112538
68 20.842865372112538
69 20.842865372112538
70 20.842865372112538
71 20.842865372112538
72 20.792956578533985
73 20.792956578533985
74 20.792956578533985
75 20.792956578533985
76 20.792956578533985
77 20.792956578533985
78 20.792956578533985
79 20.792956578533985
80 20.792956578533985
81 20.792956578533985
82 20.792956578533985
83 20.792956578533985
84 20.792956578533985
85 20.792956578533985
86 20.792956578533985
87 20.792956578533985
88 20.792956578533985
89 20.792956578533985
90 20.792956578533985
91 20.791782441405843
92 20.78379657304266
93 20.78379657304266
94 20.78379657304266
95 20.78379657304266
96 20.78379657304266
97 20.78379657304266
98 20.78379657304266
99 20.78379657304266
100 20.78379657304266
101 20.78379657304266
102 20.78379657304266
103 20.78379657304266
104 20.78379657304266
105 20.772863823289097
106 20.772863823289097
107 20.772863823289097
108 20.772863823289097
109 20.772863823289097
110 20.772863823289097
111 20.772863823289097
112 20.772863823289097
113 20.772863823289097
114 20.772863823289097
115 20.772863823289097
116 20.772863823289097
117 20.772863823289097
118 20.772863823289097
119 20.772863823289097
120 20.772863823289097
121 20.772863823289097
122 20.772863823289097
123 20.760720243786018
124 20.760720243786018
125 20.760720243786018
126 20.760720243786018
127 20.760720243786018
128 20.760720243786018
129 20.760720243786018
130 20.760720243786018
131 20.760720243786018
132 20.760720243786018
133 20.760720243786018
134 20.760720243786018
135 20.760720243786018
136 20.760720243786018
137 20.760720243786018
138 20.760720243786018
139 20.760720243786018
140 20.760720243786018
141 20.760720243786018
142 20.760720243786018
143 20.760089082574908
144 20.760089082574908
145 20.716546239540623
146 20.716546239540623
147 20.716546239540623
148 20.716546239540623
149 20.716546239540623
150 20.701645317117844
151 20.701645317117844
152 20.701645317117844
153 20.701645317117844
154 20.701645317117844
155 20.701645317117844
156 20.701645317117844
157 20.701645317117844
158 20.701645317117844
159 20.701645317117844
160 20.701645317117844
161 20.701645317117844
162 20.701645317117844
163 20.701645317117844
164 20.629096220514718
165 20.610249426607147
166 20.610249426607147
167 20.610249426607147
168 20.610249426607147
169 20.610249426607147
170 20.610249426607147
171 20.610249426607147
172 20.610249426607147
173 20.59239765156482
174 20.59239765156482
175 20.59239765156482
176 20.59239765156482
177 20.59239765156482
178 20.59239765156482
179 20.59239765156482
180 20.59239765156482
181 20.59239765156482
182 20.59239765156482
183 20.59239765156482
184 20.59239765156482
185 20.59239765156482
186 20.59239765156482
187 20.59239765156482
188 20.59239765156482
189 20.59239765156482
190 20.59239765156482
191 20.59239765156482
192 20.59239765156482
193 20.59239765156482
194 20.59239765156482
195 20.59239765156482
196 20.59239765156482
197 20.59239765156482
198 20.59239765156482
199 20.59239765156482
200 20.59239765156482
201 20.59239765156482
202 20.59239765156482
203 20.59239765156482
204 20.59239765156482
205 20.59239765156482
206 20.59239765156482
207 20.59239765156482
208 20.59239765156482
209 20.59239765156482
210 20.59239765156482
211 20.59239765156482
212 20.59239765156482
213 20.59239765156482
214 20.59239765156482
215 20.59239765156482
216 20.59239765156482
217 20.59239765156482
218 20.59239765156482
219 20.59239765156482
220 20.59239765156482
221 20.59239765156482
222 20.59239765156482
223 20.59239765156482
224 20.59239765156482
225 20.59239765156482
226 20.59239765156482
227 20.59239765156482
228 20.59239765156482
229 20.59239765156482
230 20.59239765156482
231 20.59239765156482
232 20.59239765156482
233 20.59239765156482
234 20.59239765156482
235 20.59239765156482
236 20.59239765156482
237 20.444833481285784
238 20.444833481285784
239 20.444833481285784
240 20.444833481285784
241 20.444833481285784
242 20.444833481285784
243 20.444833481285784
244 20.444833481285784
245 20.444833481285784
246 20.444833481285784
247 20.444833481285784
248 20.444833481285784
249 20.444833481285784
250 20.444833481285784
251 20.444833481285784
252 20.444833481285784
253 20.444833481285784
254 20.444833481285784
255 20.444833481285784
256 20.444833481285784
257 20.444833481285784
258 20.444833481285784
259 20.444833481285784
260 20.444833481285784
261 20.444833481285784
262 20.444833481285784
263 20.444833481285784
264 20.444833481285784
265 20.444833481285784
266 20.444833481285784
267 20.444833481285784
268 20.444833481285784
269 20.444833481285784
270 20.444833481285784
271 20.444833481285784
272 20.444833481285784
273 20.444833481285784
274 20.444833481285784
275 20.444833481285784
276 20.444833481285784
277 20.444833481285784
278 20.444833481285784
279 20.444833481285784
280 20.444833481285784
281 20.444833481285784
282 20.444833481285784
283 20.444833481285784
284 20.444833481285784
285 20.444833481285784
286 20.444833481285784
287 20.444833481285784
288 20.444833481285784
289 20.444833481285784
290 20.444833481285784
291 20.444833481285784
292 20.444833481285784
293 20.444833481285784
294 20.444833481285784
295 20.444833481285784
296 20.444833481285784
297 20.444833481285784
298 20.444833481285784
299 20.444833481285784
300 20.444833481285784
301 20.444833481285784
302 20.444833481285784
303 20.444833481285784
304 20.444833481285784
305 20.444833481285784
306 20.444833481285784
307 20.444833481285784
308 20.444833481285784
309 20.444833481285784
310 20.444833481285784
311 20.444833481285784
312 20.444833481285784
313 20.444833481285784
314 20.444833481285784
315 20.444833481285784
316 20.444833481285784
317 20.444833481285784
318 20.444833481285784
319 20.444833481285784
320 20.444833481285784
321 20.444833481285784
322 20.444833481285784
323 20.444833481285784
324 20.444833481285784
325 20.444833481285784
326 20.444833481285784
327 20.444833481285784
328 20.444833481285784
329 20.444833481285784
330 20.444833481285784
331 20.444833481285784
332 20.444833481285784
333 20.444833481285784
334 20.444833481285784
335 20.444833481285784
336 20.444833481285784
337 20.444833481285784
338 20.444833481285784
339 20.444833481285784
340 20.444833481285784
341 20.444833481285784
342 20.444833481285784
343 20.444833481285784
344 20.444833481285784
345 20.444833481285784
346 20.444833481285784
347 20.444833481285784
348 20.444833481285784
349 20.444833481285784
350 20.444833481285784
351 20.40611311803363
352 20.40611311803363
353 20.40611311803363
354 20.40611311803363
355 20.40611311803363
356 20.40611311803363
357 20.40611311803363
358 20.40611311803363
359 20.40611311803363
360 20.40611311803363
361 20.40611311803363
362 20.40611311803363
363 20.40611311803363
364 20.40611311803363
365 20.21798970076454
366 20.21798970076454
367 20.21798970076454
368 20.21798970076454
369 20.21798970076454
370 20.21798970076454
371 20.21798970076454
372 20.21798970076454
373 20.21798970076454
374 20.21798970076454
375 20.21798970076454
376 20.21798970076454
377 20.21798970076454
378 20.21798970076454
379 20.21798970076454
380 20.21798970076454
381 20.21798970076454
382 20.21798970076454
383 20.21798970076454
384 20.21798970076454
385 20.217873206960157
386 20.217873206960157
387 20.217873206960157
388 20.217873206960157
389 20.217873206960157
390 20.217873206960157
391 20.217873206960157
392 20.217873206960157
393 20.217873206960157
394 20.217873206960157
395 20.217873206960157
396 20.217873206960157
397 20.217873206960157
398 20.217873206960157
399 20.217873206960157
