0 20.8435380782788
1 20.8435380782788
2 20.8435380782788
3 20.8435380782788
4 20.8435380782788
5 20.8435380782788
6 20.8435380782788
7 20.8435380782788
8 20.8435380782788
9 20.8435380782788
10 20.8435380782788
11 20.8435380782788
12 20.8435380782788
13 20.8435380782788
14 20.8435380782788
15 20.8435380782788
16 20.8435380782788
17 20.842094534902486
18 20.842094534902486
19 20.831636127832468
20 20.831636127832468
21 20.831636127832468
22 20.831636127832468
23 20.761341006860608
24 20.761341006860608
25 20.761341006860608
26 20.761341006860608
27 20.761341006860608
28 20.761341006860608
29 20.68444408335222
30 20.68444408335222
31 20.68444408335222
32 20.68444408335222
33 20.68444408335222
34 20.68444408335222
35 20.68444408335222
36 20.68444408335222
37 20.63046300484799
38 20.599854673566632
39 20.599854673566632
40 20.599854673566632
41 20.599854673566632
42 20.599854673566632
43 20.599854673566632
44 20.599854673566632
45 20.599854673566632
46 20.599854673566632
47 20.599854673566632
48 20.599854673566632
49 20.599854673566632
50 20.599854673566632
51 20.599854673566632
52 20.599854673566632
53 20.599854673566632
54 20.599854673566632
55 20.599854673566632
56 20.599854673566632
57 20.599854673566632
58 20.599854673566632
59 20.599854673566632
60 20.599854673566632
61 20.599854673566632
62 20.599854673566632
63 20.599854673566632
64 20.57297217944785
65 20.57297217944785
66 20.559024542905256
67 20.559024542905256
68 20.559024542905256
69 20.559024542905256
70 20.559024542905256
71 20.559024542905256
72 20.559024542905256
73 20.46421334365706
74 20.46421334365706
75 20.46421334365706
76 20.46421334365706
77 20.46421334365706
78 20.46421334365706
79 20.46421334365706
80 20.46421334365706
81 20.46421334365706
82 20.46421334365706
83 20.46421334365706
84 20.46421334365706
85 20.46421334365706
86 20.46421334365706
87 20.46421334365706
88 20.457677723023743
89 20.457677723023743
90 20.457677723023743
91 20.457677723023743
92 20.457677723023743
93 20.457677723023743
94 20.457677723023743
95 20.457677723023743
96 20.457677723023743
97 20.457677723023743
98 20.457677723023743
99 20.457677723023743
100 20.457677723023743
101 20.433940217068738
102 20.393052207412964
103 20.393052207412964
104 20.393052207412964
105 20.393052207412964
106 20.393052207412964
107 20.393052207412964
108 20.34807297973252
109 20.34807297973252
110 20.34807297973252
111 20.34807297973252
112 20.34807297973252
113 20.34807297973252
114 20.34807297973252
115 20.34807297973252
116 20.34807297973252
117 20.34807297973252
118 20.3370794569723
119 20.3370794569723
120 20.3370794569723
121 20.3370794569723
122 20.3370794569723
123 20.3370794569723
124 20.3370794569723
125 20.3370794569723
126 20.3370794569723
127 20.3370794569723
128 20.3370794569723
129 20.3370794569723
130 20.3370794569723
131 20.3370794569723
132 20.3370794569723
133 20.3370794569723
134 20.3370794569723
135 20.3370794569723
136 20.3370794569723
137 20.307204656766874
138 20.307204656766874
139 20.307204656766874
140 20.307204656766874
141 20.307204656766874
142 20.307204656766874
143 20.28053410443829
144 20.225046806603302
145 20.18067400915799
146 20.18067400915799
147 20.18067400915799
148 20.18067400915799
149 20.18067400915799
150 20.18067400915799
151 20.18067400915799
152 20.18067400915799
153 20.18067400915799
154 20.18067400915799
155 20.18067400915799
156 20.18067400915799
157 20.18067400915799
158 20.18067400915799
159 20.18067400915799
160 20.18067400915799
161 20.18067400915799
162 20.18067400915799
163 20.18067400915799
164 20.18067400915799
165 20.18067400915799
166 20.18067400915799
167 20.18067400915799
168 20.18067400915799
169 20.18067400915799
170 20.18067400915799
171 20.18067400915799
172 20.18067400915799
173 20.18067400915799
174 20.18067400915799
175 20.18067400915799
176 20.18067400915799
177 20.18067400915799
178 20.18067400915799
179 20.18067400915799
180 20.18067400915799
181 20.18067400915799
182 20.18067400915799
183 20.18067400915799
184 20.18067400915799
185 20.172295068697895
186 20.14484232682544
187 20.14484232682544
188 20.130553040896288
189 20.05693506107673
190 20.05693506107673
191 20.05693506107673
192 20.05693506107673
193 20.05693506107673
194 20.01571138105251
195 20.01571138105251
196 20.01571138105251
197 20.01571138105251
198 20.01571138105251
199 20.01571138105251
200 20.01176150219672
201 20.01176150219672
202 20.01176150219672
203 19.91506920707197
204 19.91506920707197
205 19.91506920707197
206 19.91506920707197
207 19.91506920707197
208 19.91506920707197
209 19.91506920707197
210 19.91506920707197
211 19.91506920707197
212 19.91506920707197
213 19.91506920707197
214 19.91506920707197
215 19.91506920707197
216 19.91506920707197
217 19.901488609331178
218 19.845213124889888
219 19.845213124889888
220 19.845213124889888
221 19.845213124889888
222 19.845213124889888
223 19.845213124889888
224 19.845213124889888
225 19.845213124889888
226 19.802605324527136
227 19.802605324527136
228 19.791125216062134
229 19.791125216062134
230 19.791125216062134
231 19.791125216062134
232 19.630391582905084
233 19.630391582905084
234 19.630391582905084
235 19.630391582905084
236 19.630391582905084
237 19.630391582905084
238 19.630391582905084
239 19.630391582905084
240 19.630391582905084
241 19.630391582905084
242 19.630391582905084
243 19.630391582905084
244 19.630391582905084
245 19.62039703468298
246 19.61648288562182
247 19.61648288562182
248 19.61648288562182
249 19.61648288562182
250 19.61648288562182
251 19.61648288562182
252 19.61648288562182
253 19.61648288562182
254 19.61648288562182
255 19.61648288562182
256 19.61648288562182
257 19.50722607779979
258 19.50722607779979
259 19.50722607779979
260 19.50722607779979
261 19.50722607779979
262 19.50722607779979
263 19.50722607779979
264 19.50722607779979
265 19.50722607779979
266 19.50722607779979
267 19.419370809345423
268 19.419370809345423
269 19.419370809345423
270 19.419370809345423
271 19.419370809345423
272 19.419370809345423
273 19.373829499145582
274 19.373829499145582
275 19.373829499145582
276 19.373829499145582
277 19.373829499145582
278 19.373829499145582
279 19.373829499145582
280 19.373829499145582
281 19.373829499145582
282 19.373829499145582
283 19.373829499145582
284 19.373829499145582
285 19.373829499145582
286 19.373829499145582
287 19.373829499145582
288 19.373829499145582
289 19.373829499145582
290 19.373829499145582
291 19.373829499145582
292 19.373829499145582
293 19.373829499145582
294 19.373829499145582
295 19.373829499145582
296 19.373829499145582
297 19.373829499145582
298 19.373829499145582
299 19.373829499145582
300 19.373829499145582
301 19.373829499145582
302 19.373829499145582
303 19.373829499145582
304 19.373829499145582
305 19.373829499145582
306 19.36157409714154
307 19.36157409714154
308 19.36157409714154
309 19.36157409714154
310 19.36157409714154
311 19.36157409714154
312 19.36157409714154
313 19.36157409714154
314 19.34944836531556
315 19.34944836531556
316 19.34944836531556
317 19.34944836531556
318 19.34944836531556
319 19.34944836531556
320 19.34944836531556
321 19.34944836531556
322 19.34944836531556
323 19.34944836531556
324 19.34944836531556
325 19.34944836531556
326 19.34944836531556
327 19.34919077703387
328 19.34919077703387
329 19.34919077703387
330 19.34919077703387
331 19.34919077703387
332 19.34919077703387
333 19.34919077703387
334 19.34919077703387
335 19.34919077703387
336 19.34919077703387
337 19.27425046979796
338 19.27425046979796
339 19.27425046979796
340 19.27425046979796
341 19.27388939266998
342 19.27388939266998
343 19.27388939266998
344 19.27388939266998
345 19.27388939266998
346 19.27388939266998
347 19.27388939266998
348 19.27388939266998
349 19.27388939266998
350 19.27388939266998
351 19.27388939266998
352 19.27388939266998
353 19.27388939266998
354 19.27388939266998
355 19.27388939266998
356 19.27388939266998
357 19.27388939266998
358 19.256137984692106
359 19.256137984692106
360 19.256137984692106
361 19.256137984692106
362 19.256137984692106
363 19.256137984692106
364 19.256137984692106
365 19.256137984692106
366 19.256137984692106
367 19.256137984692106
368 19.256137984692106
369 19.256137984692106
370 19.256137984692106
371 19.256137984692106
372 19.256137984692106
373 19.22517850481728
374 19.22517850481728
375 19.22517850481728
376 19.22517850481728
377 19.22517850481728
378 19.22517850481728
379 19.22517850481728
380 19.22517850481728
381 19.22517850481728
382 19.091252714158887
383 19.091252714158887
384 19.091252714158887
385 19.091252714158887
386 19.091252714158887
387 19.091252714158887
388 19.03364259024564
389 19.03364259024564
390 19.03364259024564
391 19.03364259024564
392 19.03364259024564
393 18.909387014297323
394 18.909387014297323
395 18.909387014297323
396 18.909387014297323
397 18.909387014297323
398 18.909387014297323
399 18.829013258317175
