0 20.947438628610715
1 20.947438628610715
2 20.947438628610715
3 20.947438628610715
4 20.947438628610715
5 20.947438628610715
6 20.947438628610715
7 20.947438628610715
8 20.947438628610715
9 20.947438628610715
10 20.947438628610715
11 20.91997444502899
12 20.91997444502899
13 20.784101503171083
14 20.784101503171083
15 20.784101503171083
16 20.784101503171083
17 20.784101503171083
18 20.784101503171083
19 20.766583672159403
20 20.766583672159403
21 20.766583672159403
22 20.766583672159403
23 20.766583672159403
24 20.766583672159403
25 20.766583672159403
26 20.766583672159403
27 20.766583672159403
28 20.766583672159403
29 20.766583672159403
30 20.660724294813278
31 20.660724294813278
32 20.660724294813278
33 20.660724294813278
34 20.660724294813278
35 20.660724294813278
36 20.660724294813278
37 20.660724294813278
38 20.660724294813278
39 20.660724294813278
40 20.654225823571178
41 20.654225823571178
42 20.654225823571178
43 20.654225823571178
44 20.654225823571178
45 20.654225823571178
46 20.654225823571178
47 20.654225823571178
48 20.654225823571178
49 20.654225823571178
50 20.654225823571178
51 20.654225823571178
52 20.654225823571178
53 20.654225823571178
54 20.654225823571178
55 20.654225823571178
56 20.654225823571178
57 20.654225823571178
58 20.654225823571178
59 20.654225823571178
60 20.654225823571178
61 20.654225823571178
62 20.654225823571178
63 20.654225823571178
64 20.654225823571178
65 20.654225823571178
66 20.654225823571178
67 20.654225823571178
68 20.654225823571178
69 20.654225823571178
70 20.654225823571178
71 20.654225823571178
72 20.654225823571178
73 20.654225823571178
74 20.654225823571178
75 20.654225823571178
76 20.654225823571178
77 20.654225823571178
78 20.654225823571178
79 20.654225823571178
80 20.654225823571178
81 20.654225823571178
82 20.654225823571178
83 20.654225823571178
84 20.654225823571178
85 20.654225823571178
86 20.654225823571178
87 20.654225823571178
88 20.654225823571178
89 20.654225823571178
90 20.654225823571178
91 20.654225823571178
92 20.654225823571178
93 20.654225823571178
94 20.654225823571178
95 20.654225823571178
96 20.654225823571178
97 20.654225823571178
98 20.654225823571178
99 20.654225823571178
100 20.654225823571178
101 20.654225823571178
102 20.654225823571178
103 20.654225823571178
104 20.654225823571178
105 20.654225823571178
106 20.654225823571178
107 20.654225823571178
108 20.654225823571178
109 20.654225823571178
110 20.654225823571178
111 20.654225823571178
112 20.654225823571178
113 20.62217692560437
114 20.62217692560437
115 20.62217692560437
116 20.62217692560437
117 20.62217692560437
118 20.62217692560437
119 20.62217692560437
120 20.62217692560437
121 20.62217692560437
122 20.517606329203026
123 20.517606329203026
124 20.517606329203026
125 20.517606329203026
126 20.517606329203026
127 20.517606329203026
128 20.517606329203026
129 20.517606329203026
130 20.517606329203026
131 20.517606329203026
132 20.517606329203026
133 20.517606329203026
134 20.517606329203026
135 20.517606329203026
136 20.517606329203026
137 20.517606329203026
138 20.517606329203026
139 20.517606329203026
140 20.517606329203026
141 20.517606329203026
142 20.517606329203026
143 20.517606329203026
144 20.517606329203026
145 20.517606329203026
146 20.517606329203026
147 20.517606329203026
148 20.517606329203026
149 20.517606329203026
150 20.517606329203026
151 20.517606329203026
152 20.517606329203026
153 20.517606329203026
154 20.517606329203026
155 20.517606329203026
156 20.517606329203026
157 20.517606329203026
158 20.517606329203026
159 20.517606329203026
160 20.517606329203026
161 20.517606329203026
162 20.517606329203026
163 20.517606329203026
164 20.517606329203026
165 20.517606329203026
166 20.517606329203026
167 20.517606329203026
168 20.517606329203026
169 20.517606329203026
170 20.517606329203026
171 20.517606329203026
172 20.517606329203026
173 20.517606329203026
174 20.517606329203026
175 20.517606329203026
176 20.517606329203026
177 20.457298465757965
178 20.457298465757965
179 20.457298465757965
180 20.457298465757965
181 20.457298465757965
182 20.457298465757965
183 20.457298465757965
184 20.457298465757965
185 20.457298465757965
186 20.457298465757965
187 20.457298465757965
188 20.457298465757965
189 20.457298465757965
190 20.457298465757965
191 20.457298465757965
192 20.457298465757965
193 20.457298465757965
194 20.457298465757965
195 20.457298465757965
196 20.457298465757965
197 20.457298465757965
198 20.457298465757965
199 20.457298465757965
200 20.457298465757965
201 20.457298465757965
202 20.457298465757965
203 20.457298465757965
204 20.457298465757965
205 20.457298465757965
206 20.457298465757965
207 20.402564261212405
208 20.402564261212405
209 20.402564261212405
210 20.402564261212405
211 20.402564261212405
212 20.402564261212405
213 20.402564261212405
214 20.402564261212405
215 20.402564261212405
216 20.402564261212405
217 20.402564261212405
218 20.402564261212405
219 20.402564261212405
220 20.402564261212405
221 20.402564261212405
222 20.402564261212405
223 20.402564261212405
224 20.402564261212405
225 20.402564261212405
226 20.402564261212405
227 20.402564261212405
228 20.402564261212405
229 20.402564261212405
230 20.402564261212405
231 20.402564261212405
232 20.402564261212405
233 20.402564261212405
234 20.402564261212405
235 20.402564261212405
236 20.35915440119063
237 20.35915440119063
238 20.35915440119063
239 20.35915440119063
240 20.35915440119063
241 20.35915440119063
242 20.35915440119063
243 20.35915440119063
244 20.35915440119063
245 20.35915440119063
246 20.35915440119063
247 20.35915440119063
248 20.35915440119063
249 20.35915440119063
250 20.35915440119063
251 20.35915440119063
252 20.35915440119063
253 20.35915440119063
254 20.35915440119063
255 20.35915440119063
256 20.35915440119063
257 20.35915440119063
258 20.35915440119063
259 20.35915440119063
260 20.35915440119063
261 20.35915440119063
262 20.35915440119063
263 20.35915440119063
264 20.35915440119063
265 20.35915440119063
266 20.35915440119063
267 20.35915440119063
268 20.35915440119063
269 20.35915440119063
270 20.35915440119063
271 20.35915440119063
272 20.35915440119063
273 20.35915440119063
274 20.35915440119063
275 20.35915440119063
276 20.35915440119063
277 20.35915440119063
278 20.35915440119063
279 20.35915440119063
280 20.35915440119063
281 20.35915440119063
282 20.35915440119063
283 20.35915440119063
284 20.35915440119063
285 20.35915440119063
286 20.35915440119063
287 20.35915440119063
288 20.35915440119063
289 20.35915440119063
290 20.35915440119063
291 20.35915440119063
292 20.35915440119063
293 20.35915440119063
294 20.35915440119063
295 20.35915440119063
296 20.35915440119063
297 20.35915440119063
298 20.353563490522806
299 20.353563490522806
300 20.353563490522806
301 20.353563490522806
302 20.353563490522806
303 20.353563490522806
304 20.353563490522806
305 20.353563490522806
306 20.353563490522806
307 20.353563490522806
308 20.353563490522806
309 20.352082663298475
310 20.352082663298475
311 20.352082663298475
312 20.352082663298475
313 20.352082663298475
314 20.352082663298475
315 20.352082663298475
316 20.352082663298475
317 20.352082663298475
318 20.349365833002246
319 20.349365833002246
320 20.349365833002246
321 20.349365833002246
322 20.349365833002246
323 20.349365833002246
324 20.349365833002246
325 20.349365833002246
326 20.349365833002246
327 20.349365833002246
328 20.349365833002246
329 20.349365833002246
330 20.349365833002246
331 20.349365833002246
332 20.308164470002545
333 20.308164470002545
334 20.308164470002545
335 20.308164470002545
336 20.308164470002545
337 20.308164470002545
338 20.253939802610077
339 20.253939802610077
340 20.253939802610077
341 20.253939802610077
342 20.253939802610077
343 20.253939802610077
344 20.253939802610077
345 20.23075431816894
346 20.23075431816894
347 20.23075431816894
348 20.23075431816894
349 20.23075431816894
350 20.23075431816894
351 20.23075431816894
352 20.23075431816894
353 20.23075431816894
354 20.23075431816894
355 20.23075431816894
356 20.23075431816894
357 20.23075431816894
358 20.23075431816894
359 20.23075431816894
360 20.23075431816894
361 20.23075431816894
362 20.23075431816894
363 20.23075431816894
364 20.23075431816894
365 20.23075431816894
366 20.23075431816894
367 20.23075431816894
368 20.23075431816894
369 20.23075431816894
370 20.23075431816894
371 20.23075431816894
372 20.23075431816894
373 20.23075431816894
374 20.23075431816894
375 20.23075431816894
376 20.23075431816894
377 20.23075431816894
378 20.23075431816894
379 20.23075431816894
380 20.23075431816894
381 20.23075431816894
382 20.23075431816894
383 20.23075431816894
384 20.23075431816894
385 20.23075431816894
386 20.23075431816894
387 20.23075431816894
388 20.23075431816894
389 20.23075431816894
390 20.23075431816894
391 20.23075431816894
392 20.23075431816894
393 20.23075431816894
394 20.23075431816894
395 20.23075431816894
396 20.23075431816894
397 20.23075431816894
398 20.210794037363314
399 20.210794037363314
